-568.0880126953125 -426.7170104980469 2302.0
-518.8319702148438 -415.010986328125 2292.0
-469.3760070800781 -404.98199462890625 2291.0
-419.59698486328125 -397.07501220703125 2288.0
-373.0530090332031 -387.40899658203125 2289.0
-323.01800537109375 -376.5799865722656 2283.0
-273.2409973144531 -365.802001953125 2277.0
-223.82000732421875 -357.67401123046875 2272.0
-174.99899291992188 -347.9079895019531 2272.0
-577.6799926757812 -375.43701171875 2291.0
-528.219970703125 -365.42999267578125 2290.0
-478.593994140625 -357.7340087890625 2288.0
-430.5660095214844 -346.8349914550781 2281.0
-380.71600341796875 -336.2909851074219 2276.0
-331.8089904785156 -326.5069885253906 2276.0
-282.52899169921875 -318.7489929199219 2273.0
-233.17300415039062 -308.2980041503906 2268.0
-184.27499389648438 -298.2860107421875 2266.0
-589.4730224609375 -325.9119873046875 2289.0
-539.8140258789062 -318.2539978027344 2287.0
-489.5979919433594 -307.7489929199219 2282.0
-439.40399169921875 -297.156005859375 2276.0
-392.9419860839844 -287.37200927734375 2276.0
-341.1400146484375 -279.6659851074219 2273.0
-294.22100830078125 -269.4200134277344 2269.0
-242.49099731445312 -259.093994140625 2264.0
-193.5 -248.9219970703125 2260.0
-597.739013671875 -278.4419860839844 2283.0
-550.4099731445312 -268.2760009765625 2280.0
-500.5379943847656 -258.02099609375 2276.0
-450.8370056152344 -247.802001953125 2272.0
-401.4849853515625 -240.15899658203125 2269.0
-352.72900390625 -230.406005859375 2269.0
-303.302001953125 -220.16600036621094 2264.0
-254.54100036621094 -210.34100341796875 2263.0
-205.36700439453125 -200.08099365234375 2257.0
-608.6669921875 -228.8719940185547 2278.0
-558.97998046875 -218.79100036621094 2275.0
-509.8710021972656 -208.9199981689453 2274.0
-459.9930114746094 -201.14500427246094 2269.0
-413.12701416015625 -191.13800048828125 2266.0
-361.0419921875 -180.91700744628906 2260.0
-314.76800537109375 -171.1269989013672 2259.0
-263.4490051269531 -161.20199584960938 2256.0
-214.68600463867188 -151.30299377441406 2253.0
-619.5419921875 -179.51499938964844 2273.0
-569.6950073242188 -169.4459991455078 2269.0
-520.708984375 -159.6219940185547 2268.0
-472.1820068359375 -152.3769989013672 2269.0
-421.7460021972656 -142.05799865722656 2260.0
-373.01800537109375 -132.28500366210938 2259.0
-323.47100830078125 -122.19400024414062 2252.0
-275.0799865722656 -112.51399993896484 2252.0
-223.57200622558594 -102.51399993896484 2245.0
