350.9410095214844 -461.1860046386719 2284.0
399.81500244140625 -451.177001953125 2283.0
448.64599609375 -441.1759948730469 2282.0
497.21600341796875 -430.9960021972656 2280.0
545.9400024414062 -421.0169982910156 2279.0
599.5130004882812 -411.0459899902344 2278.0
647.010009765625 -400.3800048828125 2273.0
696.1290283203125 -395.6719970703125 2274.0
745.2899780273438 -386.0740051269531 2275.0
340.385009765625 -411.22698974609375 2279.0
388.9849853515625 -401.0849914550781 2277.0
438.07598876953125 -391.4750061035156 2278.0
491.45599365234375 -381.3550109863281 2276.0
540.0960083007812 -371.4150085449219 2275.0
588.4340209960938 -361.3240051269531 2273.0
636.406005859375 -355.97100830078125 2270.0
685.1539916992188 -346.2200012207031 2270.0
736.8250122070312 -335.5799865722656 2264.0
330.0159912109375 -361.6419982910156 2275.0
378.7049865722656 -351.7149963378906 2274.0
432.0429992675781 -341.6449890136719 2272.0
480.4110107421875 -331.593994140625 2270.0
527.760986328125 -320.99200439453125 2264.0
577.6530151367188 -311.9540100097656 2269.0
626.10400390625 -306.94500732421875 2268.0
679.3800048828125 -297.0710144042969 2267.0
726.458984375 -286.6990051269531 2262.0
319.822998046875 -312.3659973144531 2272.0
372.83599853515625 -302.0740051269531 2268.0
421.72698974609375 -292.4599914550781 2269.0
469.8320007324219 -282.3389892578125 2266.0
518.7230224609375 -272.72601318359375 2267.0
571.5180053710938 -262.6390075683594 2264.0
619.3159790039062 -257.43499755859375 2261.0
667.8709716796875 -247.7220001220703 2261.0
715.4760131835938 -237.69400024414062 2258.0
313.41900634765625 -262.2909851074219 2261.0
362.77398681640625 -253.13699340820312 2266.0
410.8919982910156 -243.08099365234375 2263.0
459.2869873046875 -233.2570037841797 2262.0
507.4150085449219 -223.3419952392578 2260.0
560.802001953125 -213.63400268554688 2260.0
609.3359985351562 -208.77999877929688 2260.0
657.5780029296875 -198.98399353027344 2259.0
708.7379760742188 -188.6929931640625 2252.0
303.572998046875 -213.63400268554688 2260.0
351.6400146484375 -203.65499877929688 2257.0
400.2860107421875 -194.04600524902344 2258.0
448.1809997558594 -184.1009979248047 2255.0
501.45001220703125 -174.4149932861328 2255.0
549.6320190429688 -164.65499877929688 2254.0
596.9760131835938 -154.69700622558594 2250.0
650.9929809570312 -150.06399536132812 2253.0
698.135009765625 -140.13699340820312 2249.0
