-698.7000122070312 460.5249938964844 2283.0
-649.1840209960938 470.1650085449219 2282.0
-599.9749755859375 480.0060119628906 2282.0
-550.0419921875 489.2040100097656 2279.0
-501.11700439453125 501.7099914550781 2280.0
-451.5539855957031 508.63800048828125 2278.0
-401.3710021972656 519.5460205078125 2272.0
-352.5329895019531 529.5780029296875 2273.0
-303.5169982910156 539.3809814453125 2273.0
-709.4500122070312 511.093994140625 2278.0
-659.7479858398438 520.4609985351562 2276.0
-610.3989868164062 530.0440063476562 2275.0
-560.8480224609375 539.3809814453125 2273.0
-512.2830200195312 549.6669921875 2275.0
-462.6130065917969 558.739990234375 2272.0
-410.8080139160156 568.0380249023438 2270.0
-361.85699462890625 577.8280029296875 2270.0
-312.6310119628906 587.0999755859375 2268.0
-716.7490234375 558.2490234375 2270.0
-667.2100219726562 567.5380249023438 2268.0
-618.302978515625 577.3189697265625 2268.0
-569.64599609375 587.3590087890625 2269.0
-520.2579956054688 599.06298828125 2267.0
-470.9570007324219 605.8610229492188 2265.0
-422.4859924316406 618.6170043945312 2267.0
-372.9410095214844 627.2849731445312 2263.0
-324.5719909667969 637.8889770507812 2266.0
-728.666015625 609.3770141601562 2269.0
-680.0360107421875 619.4349975585938 2270.0
-629.4180297851562 627.56201171875 2264.0
-580.5960083007812 637.3259887695312 2264.0
-531.0700073242188 646.2329711914062 2261.0
-479.4519958496094 655.4030151367188 2259.0
-430.5480041503906 664.8510131835938 2258.0
-381.8559875488281 677.0239868164062 2258.0
-333.60699462890625 687.6749877929688 2261.0
-739.2650146484375 656.85400390625 2264.0
-689.5289916992188 668.1729736328125 2261.0
-640.7730102539062 677.9240112304688 2261.0
-588.5349731445312 686.4580078125 2257.0
-540.343017578125 696.8090209960938 2259.0
-490.760009765625 705.2999877929688 2255.0
-441.9360046386719 714.7080078125 2254.0
-389.8599853515625 724.9249877929688 2248.0
-342.14300537109375 736.2540283203125 2253.0
-749.47900390625 706.2379760742188 2258.0
-700.166015625 717.7750244140625 2256.0
-648.7979736328125 727.1820068359375 2255.0
-599.3720092773438 735.927001953125 2252.0
-551.0540161132812 745.969970703125 2253.0
-501.8009948730469 754.6799926757812 2250.0
-450.656005859375 764.0440063476562 2249.0
-401.79998779296875 775.47802734375 2247.0
-353.34600830078125 785.1690063476562 2247.0
