388.5419921875 499.6419982910156 2271.0
441.4119873046875 508.5010070800781 2267.0
489.45001220703125 517.5540161132812 2264.0
537.833984375 527.0469970703125 2263.0
584.6199951171875 535.1090087890625 2256.0
637.3499755859375 549.1589965820312 2254.0
684.5399780273438 557.8510131835938 2250.0
731.8829956054688 566.760009765625 2247.0
780.4869995117188 576.6699829101562 2248.0
382.31298828125 546.4910278320312 2263.0
430.7229919433594 555.9669799804688 2262.0
478.6659851074219 564.9340209960938 2259.0
526.7139892578125 574.1300048828125 2257.0
579.0040283203125 587.6309814453125 2253.0
627.1110229492188 597.0449829101562 2252.0
674.5750122070312 605.9110107421875 2249.0
722.2319946289062 615.0260009765625 2247.0
773.5889892578125 628.10498046875 2242.0
372.0989990234375 594.3109741210938 2260.0
419.8909912109375 602.9509887695312 2256.0
467.7179870605469 616.6680297851562 2253.0
515.416015625 625.5130004882812 2250.0
567.8109741210938 634.3319702148438 2247.0
615.7930297851562 643.697998046875 2246.0
662.2550048828125 656.4140014648438 2240.0
714.5330200195312 665.4420166015625 2238.0
762.2559814453125 674.7550048828125 2237.0
361.9110107421875 642.0029907226562 2257.0
409.6549987792969 655.3839721679688 2253.0
457.02398681640625 663.5869750976562 2248.0
504.62799072265625 672.3460083007812 2245.0
557.6630249023438 681.989990234375 2245.0
604.5269775390625 694.906005859375 2240.0
650.010986328125 701.697998046875 2231.0
703.030029296875 711.6010131835938 2232.0
750.9650268554688 721.1900024414062 2232.0
350.343994140625 691.635009765625 2245.0
398.7349853515625 701.5919799804688 2246.0
445.7770080566406 709.3400268554688 2240.0
497.8030090332031 722.4829711914062 2236.0
545.5789794921875 731.760986328125 2235.0
594.375 742.3579711914062 2238.0
646.3770141601562 750.9639892578125 2235.0
692.5120239257812 763.31201171875 2229.0
739.052978515625 771.5009765625 2225.0
341.1570129394531 740.8460083007812 2248.0
388.04901123046875 752.6439819335938 2240.0
434.98699951171875 760.2249755859375 2234.0
487.32501220703125 769.1339721679688 2232.0
535.02001953125 778.3729858398438 2231.0
582.4099731445312 792.0390014648438 2229.0
635.3519897460938 801.9749755859375 2230.0
681.0989990234375 809.0070190429688 2223.0
732.6240234375 822.2210083007812 2220.0
