393.5929870605469 499.86199951171875 2272.0
441.4129943847656 508.5010070800781 2267.0
489.45098876953125 517.5540161132812 2264.0
539.5479736328125 528.7760009765625 2260.0
586.5230102539062 537.0549926757812 2254.0
638.4810180664062 547.708984375 2258.0
685.7570190429688 558.8419799804688 2254.0
735.60400390625 567.7689819335938 2251.0
782.5540161132812 578.8259887695312 2247.0
382.8210144042969 547.2150268554688 2266.0
430.91400146484375 558.6430053710938 2263.0
481.0920104980469 567.3610229492188 2259.0
528.9039916992188 578.7219848632812 2256.0
579.2620239257812 587.8920288085938 2254.0
626.833984375 596.780029296875 2251.0
676.3889770507812 607.7860107421875 2247.0
727.0590209960938 617.4390258789062 2247.0
774.625 628.9450073242188 2245.0
372.1000061035156 596.739013671875 2260.0
422.68798828125 605.9110107421875 2258.0
470.55499267578125 617.2150268554688 2255.0
518.2930297851562 626.0689697265625 2252.0
567.5590209960938 636.4619750976562 2246.0
617.9310302734375 645.822998046875 2245.0
665.2540283203125 657.0 2242.0
715.1719970703125 666.0369873046875 2240.0
761.916015625 676.85498046875 2236.0
361.9119873046875 644.427001953125 2257.0
409.656005859375 655.3839721679688 2253.0
459.4389953613281 663.5869750976562 2248.0
507.03900146484375 674.7570190429688 2245.0
559.5750122070312 683.7919921875 2243.0
607.2039794921875 695.2160034179688 2241.0
656.8579711914062 703.9000244140625 2238.0
703.9760131835938 714.9580078125 2235.0
753.7000122070312 723.9110107421875 2233.0
350.6570129394531 692.2509765625 2247.0
399.09100341796875 704.6309814453125 2248.0
447.98199462890625 713.8330078125 2239.0
498.9169921875 724.0980224609375 2241.0
545.5800170898438 734.1610107421875 2235.0
595.97900390625 743.7630004882812 2235.0
645.510009765625 752.35302734375 2232.0
695.218017578125 763.6539916992188 2230.0
743.8319702148438 773.8900146484375 2225.0
340.85400390625 742.5989990234375 2246.0
390.8030090332031 753.3159790039062 2242.0
441.1629943847656 762.6079711914062 2241.0
487.9809875488281 772.5679931640625 2235.0
537.656982421875 781.1190185546875 2232.0
585.3289794921875 792.75 2231.0
634.4979858398438 803.2880249023438 2227.0
683.7940063476562 811.760009765625 2224.0
731.9650268554688 821.4810180664062 2218.0
