350.9410095214844 -458.7300109863281 2284.0
402.2669982910156 -448.72198486328125 2283.0
451.49200439453125 -439.1080017089844 2284.0
499.66400146484375 -430.9930114746094 2280.0
550.3510131835938 -420.6449890136719 2277.0
600.0390014648438 -411.4049987792969 2280.0
647.2940063476562 -400.5539855957031 2274.0
698.2630004882812 -393.05499267578125 2273.0
748.3909912109375 -383.9649963378906 2277.0
342.8320007324219 -408.7770080566406 2279.0
391.60198974609375 -398.81201171875 2278.0
440.135009765625 -391.1289978027344 2276.0
492.10400390625 -381.8550109863281 2279.0
540.0960083007812 -371.4119873046875 2275.0
591.39501953125 -361.6390075683594 2275.0
639.406005859375 -353.8429870605469 2272.0
687.5919799804688 -343.7799987792969 2270.0
737.4760131835938 -333.44000244140625 2266.0
332.4590148925781 -359.1960144042969 2275.0
381.1470031738281 -351.7120056152344 2274.0
432.0429992675781 -341.64300537109375 2272.0
480.62298583984375 -331.73699951171875 2271.0
531.1279907226562 -321.5559997558594 2268.0
580.0900268554688 -314.38800048828125 2269.0
630.1400146484375 -304.10400390625 2265.0
679.3800048828125 -294.6340026855469 2267.0
728.8880004882812 -284.26800537109375 2262.0
322.2619934082031 -312.364013671875 2272.0
373.0 -302.2040100097656 2269.0
421.72698974609375 -292.4580078125 2269.0
471.8479919433594 -282.0880126953125 2264.0
520.697998046875 -272.4830017089844 2265.0
571.5180053710938 -262.6369934082031 2264.0
619.864013671875 -255.22999572753906 2263.0
669.7059936523438 -245.0749969482422 2259.0
718.218017578125 -235.37100219726562 2259.0
313.6960144042969 -260.09100341796875 2263.0
362.77398681640625 -253.13499450683594 2266.0
413.1390075683594 -242.9709930419922 2262.0
461.71600341796875 -233.25399780273438 2262.0
512.4949951171875 -223.43899536132812 2261.0
561.0499877929688 -216.1540069580078 2261.0
611.4920043945312 -206.25900268554688 2259.0
659.7119750976562 -196.46800231933594 2258.0
708.4240112304688 -186.19000244140625 2251.0
303.7080078125 -213.7259979248047 2261.0
351.7950134277344 -203.7429962158203 2258.0
402.8890075683594 -194.12899780273438 2259.0
453.2239990234375 -184.18099975585938 2256.0
501.45001220703125 -174.41200256347656 2255.0
552.7869873046875 -164.8719940185547 2257.0
603.14501953125 -155.03900146484375 2255.0
650.4149780273438 -145.093994140625 2251.0
700.5499877929688 -137.718994140625 2249.0
