-570.5609741210938 -429.1889953613281 2302.0
-519.2839965820312 -417.83599853515625 2294.0
-469.58099365234375 -407.6199951171875 2292.0
-419.59698486328125 -397.072998046875 2288.0
-375.0199890136719 -386.89898681640625 2286.0
-325.1860046386719 -376.24798583984375 2281.0
-275.44500732421875 -365.47900390625 2275.0
-226.36000061035156 -360.2720031738281 2273.0
-177.44000244140625 -350.34698486328125 2272.0
-577.9320068359375 -378.06201171875 2292.0
-528.219970703125 -367.8890075683594 2290.0
-482.87701416015625 -357.26300048828125 2285.0
-433.2070007324219 -346.9840087890625 2282.0
-383.49798583984375 -336.5840148925781 2278.0
-334.10699462890625 -326.3609924316406 2275.0
-284.84600830078125 -321.0480041503906 2272.0
-235.60899353027344 -310.7330017089844 2268.0
-186.6269989013672 -300.58599853515625 2265.0
-591.4149780273438 -328.0830078125 2287.0
-541.5599975585938 -317.8340148925781 2284.0
-491.40301513671875 -307.3420104980469 2279.0
-442.04400634765625 -297.28399658203125 2277.0
-392.7699890136719 -287.2439880371094 2275.0
-343.5820007324219 -282.1059875488281 2273.0
-294.09100341796875 -271.7359924316406 2268.0
-244.70700073242188 -261.29400634765625 2262.0
-196.1009979248047 -251.57000732421875 2262.0
-599.666015625 -278.1960144042969 2281.0
-549.927001953125 -268.0379943847656 2278.0
-500.75799560546875 -258.13299560546875 2277.0
-451.2340087890625 -248.01800537109375 2274.0
-401.4849853515625 -242.59500122070312 2269.0
-351.7959899902344 -227.36199951171875 2263.0
-303.4360046386719 -222.69500732421875 2265.0
-254.3159942626953 -212.58299255371094 2261.0
-205.36700439453125 -202.5050048828125 2257.0
-607.8660278320312 -228.5679931640625 2275.0
-558.97998046875 -218.78900146484375 2275.0
-514.3040161132812 -208.73399353027344 2272.0
-459.7900085449219 -203.49099731445312 2268.0
-415.19500732421875 -188.53399658203125 2264.0
-361.0419921875 -183.343994140625 2260.0
-311.9259948730469 -173.32200622558594 2256.0
-263.3320007324219 -163.552001953125 2255.0
-214.4949951171875 -153.5850067138672 2251.0
-621.9840087890625 -179.51300048828125 2273.0
-571.8809814453125 -169.36900329589844 2268.0
-523.14599609375 -159.6199951171875 2268.0
-474.4110107421875 -149.87100219726562 2268.0
-423.79901123046875 -144.35699462890625 2258.0
-375.6109924316406 -134.77000427246094 2260.0
-326.0350036621094 -124.66699981689453 2253.0
-277.25299072265625 -114.8290023803711 2250.0
-223.3730010986328 -104.83000183105469 2243.0
