-701.7760009765625 458.4639892578125 2285.0
-651.64501953125 467.7040100097656 2282.0
-602.1719970703125 477.33599853515625 2281.0
-552.7410278320312 486.9599914550781 2280.0
-503.57501220703125 496.7929992675781 2280.0
-454.010009765625 506.1820068359375 2278.0
-404.35400390625 520.2319946289062 2275.0
-354.5150146484375 528.8790283203125 2270.0
-305.9679870605469 539.3809814453125 2273.0
-709.4500122070312 511.093994140625 2278.0
-659.7479858398438 520.4609985351562 2276.0
-610.1309814453125 529.8109741210938 2274.0
-559.1199951171875 537.719970703125 2266.0
-511.60699462890625 548.9420166015625 2272.0
-462.00201416015625 558.0029907226562 2269.0
-412.8909912109375 567.5380249023438 2268.0
-364.4649963378906 578.0830078125 2271.0
-315.07598876953125 587.0999755859375 2268.0
-721.3259887695312 558.0029907226562 2269.0
-667.2100219726562 567.5380249023438 2268.0
-618.5750122070312 577.573974609375 2269.0
-568.8930053710938 586.5830078125 2266.0
-519.7990112304688 596.0919799804688 2265.0
-470.5409851074219 605.3259887695312 2263.0
-422.29998779296875 615.9010009765625 2266.0
-373.27099609375 625.39697265625 2265.0
-324.7149963378906 635.7260131835938 2267.0
-731.1119995117188 606.9299926757812 2269.0
-682.7839965820312 617.260009765625 2271.0
-631.5789794921875 624.844970703125 2263.0
-584.3250122070312 636.2869873046875 2269.0
-533.97998046875 644.364013671875 2263.0
-484.322998046875 652.968017578125 2259.0
-435.031005859375 666.6950073242188 2256.0
-382.0249938964844 677.323974609375 2259.0
-332.4259948730469 685.2420043945312 2253.0
-738.6119995117188 653.8350219726562 2262.0
-689.2239990234375 663.0040283203125 2260.0
-639.3560180664062 676.4240112304688 2256.0
-591.7540283203125 687.3709716796875 2260.0
-542.5390014648438 696.5 2258.0
-493.4100036621094 705.6129760742188 2256.0
-444.16900634765625 714.3909912109375 2253.0
-395.760986328125 724.4290161132812 2254.0
-346.84698486328125 733.4990234375 2252.0
-751.5809936523438 705.926025390625 2257.0
-703.844970703125 716.6110229492188 2260.0
-646.2080078125 721.8579711914062 2246.0
-599.9039916992188 734.1500244140625 2254.0
-550.0759887695312 742.2210083007812 2249.0
-502.02398681640625 752.5889892578125 2251.0
-452.8789978027344 761.281005859375 2248.0
-404.2229919433594 775.47802734375 2247.0
-356.55999755859375 786.916015625 2252.0
